8887.435292782511
9756.537598888233
8513.669673658174
9517.720943485963
9790.60313149543
9475.254654437065
9592.612817233086
9706.77506724276
9545.339805685686
9631.56553119698
9049.192541287164
8491.741984681215
9610.06534744739
8920.650196223993
9340.948292076117
9758.25299229554
9540.12584282402
9631.334170591806
9454.273405308793
9682.753936262305
10266.706499830578
9708.06583094181
9750.78768696656
9255.799109413014
9751.137159243099
8798.715544860566
8097.225265450857
9309.11408618552
9506.128199187066
8475.765271645449
9240.208678416438
9855.84286698782
9225.827579143677
7201.980126760926
9146.591062813575
8532.834574548888
10047.585788446426
9893.571670431691
9794.807381417477
9542.3276898273
10209.86688632805
9506.45123375437
8179.836973006149
8207.415417462216
8401.973749388342
8350.803547383424
8399.327722810835
8476.01541867467
8584.959428524391
8669.582961217331
7711.36702042649
7868.641780027582
7948.276511540756
9055.03859294375
7397.546562899647
8306.683165191287
8374.50666967671
8946.702491769554
8599.550581882882
9225.115930419555
